0	0
1	0
2	0
3	0
4	0
5	0
6	0
7	0
8	0
9	0
10	0
11	0
12	0
13	0
14	0
15	0
16	0
17	0
18	0
19	0
20	0
21	0
22	0
23	0
24	0
25	0
26	0
27	0
28	0
29	0
30	0
31	0
32	0
33	0
34	0
35	0
36	0
37	0
38	1
39	0
40	0
41	0
42	0
43	0
44	0
45	0
46	0
47	0
48	0
49	0
50	0
51	1
52	0
53	0
54	0
55	0
56	0
57	0
58	0
59	1
60	0
61	1
62	0
63	0
64	0
65	0
66	0
67	0
68	0
69	0
70	0
71	0
72	0
73	0
74	0
75	0
76	0
77	0
78	0
79	0
80	0
81	0
82	1
83	0
84	0
85	0
86	0
87	0
88	0
89	0
90	0
91	0
92	0
93	0
94	0
95	0
96	1
97	0
98	0
99	0
100	0
101	0
102	0
103	0
104	1
105	0
106	0
107	1
108	0
109	0
110	0
111	0
112	0
113	0
114	0
115	0
116	0
117	0
118	0
119	0
120	0
121	0
122	0
123	0
124	0
125	0
126	0
127	0
128	0
129	0
130	0
131	0
132	0
133	0
134	0
135	0
136	0
137	1
138	0
139	0
140	0
141	1
142	0
143	0
144	0
145	0
146	0
147	0
148	0
149	0
150	0
151	1
152	0
153	0
154	0
155	0
156	0
157	0
158	0
159	1
160	0
161	0
162	0
163	0
164	0
165	0
166	0
167	0
168	0
169	0
170	1
171	0
172	0
173	1
174	0
175	0
176	0
177	0
178	0
179	0
180	0
181	0
182	0
183	0
184	1
185	0
186	1
187	0
188	0
189	0
190	0
191	0
192	0
193	1
194	0
195	0
196	0
197	0
198	0
199	0
200	0
201	0
202	0
203	0
204	0
205	0
206	0
207	0
208	3
209	1
210	0
211	0
212	0
213	0
214	1
215	0
216	0
217	0
218	1
219	0
220	1
221	0
222	0
223	1
224	0
225	0
226	0
227	1
228	0
229	0
230	0
231	0
232	1
233	0
234	0
235	0
236	0
237	0
238	1
239	0
240	1
241	0
242	1
243	0
244	0
245	0
246	2
247	1
248	0
249	0
250	0
251	0
252	0
253	0
254	0
255	0
256	0
257	0
258	0
259	0
260	1
261	0
262	0
263	0
264	0
265	0
266	1
267	0
268	0
269	0
270	0
271	0
272	0
273	1
274	0
275	0
276	1
277	0
278	0
279	0
280	2
281	0
282	2
283	0
284	0
285	0
286	0
287	0
288	1
289	2
290	1
291	1
292	0
293	1
294	0
295	3
296	0
297	0
298	0
299	0
300	0
301	1
302	0
303	2
304	1
305	0
306	0
307	0
308	0
309	0
310	0
311	0
312	1
313	0
314	0
315	0
316	0
317	1
318	0
319	1
320	0
321	1
322	0
323	1
324	1
325	0
326	0
327	0
328	1
329	0
330	0
331	1
332	0
333	0
334	0
335	0
336	0
337	0
338	0
339	0
340	0
341	0
342	0
343	0
344	0
345	2
346	0
347	0
348	1
349	0
350	5
351	0
352	0
353	0
354	0
355	1
356	0
357	0
358	0
359	0
360	1
361	1
362	0
363	1
364	1
365	0
366	0
367	1
368	0
369	0
370	1
371	0
372	0
373	2
374	0
375	0
376	0
377	0
378	2
379	0
380	0
381	0
382	0
383	1
384	0
385	0
386	0
387	0
388	0
389	0
390	0
391	0
392	0
393	1
394	1
395	0
396	0
397	0
398	0
399	0
400	0
401	0
402	0
403	0
404	1
405	0
406	0
407	0
408	0
409	1
410	0
411	1
412	0
413	0
414	0
415	0
416	0
417	0
418	0
419	0
420	0
421	0
422	0
423	1
424	0
425	0
426	1
427	0
428	1
429	0
430	4
431	2
432	3
433	0
434	1
435	2
436	0
437	0
438	2
439	0
440	0
441	0
442	0
443	0
444	1
445	1
446	0
447	1
448	1
449	0
450	0
451	3
452	0
453	0
454	1
455	2
456	0
457	0
458	1
459	0
460	4
461	5
462	1
463	0
464	0
465	0
466	2
467	1
468	0
469	0
470	0
471	0
472	1
473	1
474	0
475	0
476	0
477	3
478	0
479	0
480	0
481	0
482	1
483	1
484	1
485	0
486	0
487	2
488	0
489	0
490	0
491	1
492	1
493	0
494	1
495	0
496	0
497	0
498	0
499	4
500	0
501	0
502	0
503	2
504	1
505	0
506	4
507	0
508	0
509	2
510	0
511	1
512	3
513	1
514	1
515	0
516	2
517	0
518	0
519	0
520	2
521	0
522	0
523	1
524	2
525	1
526	0
527	2
528	0
529	0
530	3
531	0
532	0
533	0
534	2
535	1
536	0
537	0
538	0
539	2
540	1
541	0
542	0
543	1
544	0
545	0
546	0
547	0
548	2
549	0
550	4
551	1
552	0
553	0
554	1
555	0
556	0
557	1
558	1
559	0
560	1
561	0
562	1
563	1
564	0
565	0
566	2
567	1
568	0
569	0
570	2
571	1
572	0
573	1
574	0
575	0
576	1
577	3
578	0
579	0
580	4
581	1
582	2
583	1
584	4
585	0
586	0
587	0
588	2
589	0
590	0
591	0
592	1
593	1
594	3
595	0
596	1
597	1
598	0
599	0
600	0
601	0
602	0
603	0
604	1
605	0
606	0
607	0
608	0
609	1
610	0
611	0
612	2
613	1
614	1
615	0
616	0
617	0
618	7
619	0
620	0
621	0
622	3
623	4
624	1
625	0
626	0
627	2
628	3
629	1
630	1
631	0
632	0
633	2
634	1
635	1
636	0
637	1
638	0
639	2
640	0
641	0
642	2
643	0
644	2
645	1
646	3
647	2
648	0
649	0
650	1
651	0
652	0
653	0
654	0
655	2
656	0
657	0
658	0
659	1
660	0
661	0
662	0
663	0
664	1
665	0
666	0
667	0
668	1
669	0
670	3
671	0
672	2
673	1
674	0
675	1
676	0
677	3
678	2
679	1
680	0
681	0
682	1
683	2
684	0
685	3
686	0
687	2
688	4
689	3
690	0
691	0
692	0
693	1
694	2
695	1
696	0
697	1
698	2
699	0
700	0
701	1
702	1
703	0
704	0
705	1
706	0
707	0
708	0
709	0
710	0
711	4
712	0
713	0
714	0
715	1
716	1
717	1
718	0
719	1
720	0
721	3
722	0
723	1
724	1
725	1
726	2
727	3
728	0
729	3
730	0
731	0
732	0
733	0
734	4
735	0
736	1
737	1
738	0
739	1
740	3
741	4
742	1
743	0
744	1
745	3
746	1
747	1
748	1
749	2
750	5
751	3
752	0
753	5
754	3
755	0
756	1
757	0
758	2
759	0
760	0
761	0
762	0
763	0
764	1
765	1
766	1
767	0
768	0
769	4
770	1
771	1
772	0
773	1
774	0
775	0
776	1
777	0
778	1
779	1
780	1
781	6
782	1
783	2
784	5
785	0
786	4
787	2
788	2
789	0
790	0
791	0
792	2
793	6
794	0
795	1
796	0
797	2
798	2
799	0
800	0
801	0
802	1
803	2
804	0
805	1
806	0
807	0
808	4
809	0
810	1
811	0
812	0
813	3
814	0
815	1
816	0
817	7
818	3
819	1
820	1
821	1
822	2
823	1
824	0
825	5
826	0
827	2
828	0
829	4
830	2
831	3
832	0
833	0
834	2
835	0
836	6
837	1
838	3
839	0
840	0
841	4
842	1
843	1
844	1
845	0
846	0
847	4
848	1
849	1
850	2
851	0
852	1
853	7
854	0
855	0
856	0
857	0
858	0
859	0
860	0
861	1
862	0
863	1
864	1
865	6
866	2
867	4
868	0
869	1
870	0
871	0
872	0
873	4
874	6
875	0
876	5
877	0
878	0
879	1
880	1
881	1
882	5
883	0
884	2
885	11
886	0
887	0
888	1
889	0
890	5
891	0
892	0
893	1
894	0
895	1
896	0
897	1
898	2
899	2
900	3
901	1
902	0
903	3
904	2
905	0
906	2
907	0
908	6
909	0
910	5
911	0
912	0
913	0
914	3
915	1
916	4
917	0
918	2
919	1
920	0
921	0
922	0
923	4
924	4
925	1
926	0
927	1
928	1
929	1
930	0
931	2
932	0
933	3
934	3
935	21
936	9
937	3
938	1
939	0
940	2
941	1
942	0
943	0
944	1
945	4
946	1
947	4
948	0
949	1
950	0
951	3
952	0
953	3
954	5
955	5
956	1
957	1
958	1
959	6
960	1
961	0
962	2
963	0
964	0
965	3
966	1
967	2
968	0
969	0
970	1
971	1
972	8
973	10
974	5
975	11
976	0
977	0
978	5
979	2
980	5
981	1
982	0
983	3
984	2
985	2
986	1
987	1
988	1
989	0
990	0
991	9
992	4
993	4
994	0
995	0
996	0
997	0
998	4
999	5
